0.0030593248832082587 0.009606132388377738 0.002
0.008754204147339406 0.027484739467167132 0.004
0.009758281261263213 0.030636208726845398 0.006
0.010533725107842007 0.03306986624756425 0.008
0.01378674736148 0.043276866535747714 0.01
0.014972196782252367 0.04699538194801409 0.012
0.022598055936200012 0.0708983648563733 0.014
0.0231447623835751 0.07261059790057843 0.016
0.024932552070478953 0.07820826601624631 0.018
0.02703289722172686 0.08478140083558854 0.02
0.02831893062824553 0.08880430451318858 0.022
0.03180115150096485 0.09968975263978636 0.024
0.03378677416090303 0.10589157146482976 0.026
0.03607832781858078 0.11304379169090416 0.028
0.03642437932004117 0.11412336134760398 0.03
0.038104403870147796 0.11936256062075608 0.032
0.03817730319845458 0.1195898248876291 0.034
0.038573179901067234 0.12082386411037917 0.036
0.039399687272365425 0.12339967469809715 0.038
0.04056481131243361 0.1270293686198478 0.04
0.04559672876994714 0.14268508315898365 0.042
0.04597928423075148 0.1438739133173517 0.044
0.046751141843724864 0.1462719059060202 0.046
0.04763054653767784 0.1490029758123241 0.048
0.048215105335323694 0.15081774810060214 0.05
0.053260598514738966 0.16645979752539625 0.052
0.05581736602262588 0.17437058989233498 0.054
0.056541955088171725 0.17661049031706208 0.056
0.059222266963955605 0.1848880215782968 0.058
0.06090394263814514 0.19007484414068096 0.06
0.06420348774052775 0.20023615509369597 0.062
0.06599719426063555 0.20575112244952265 0.064
0.06638483100213888 0.20694210676831631 0.066
0.06706580304425902 0.20903359796499793 0.068
0.0692591477250254 0.21576354288045782 0.07
0.07063427660283117 0.21997771760974694 0.072
0.07428901579180158 0.2311577651399891 0.074
0.07647287932177804 0.23782388744697133 0.076
0.07742065004421506 0.240713443572384 0.078
0.07763798585760306 0.24137575577587186 0.08
0.07800020583115341 0.242479340048247 0.082
0.07872520597428023 0.2446872716886731 0.084
0.08049135851651312 0.2500606219625033 0.086
0.08152644453560554 0.2532062084397273 0.088
0.08192924971978133 0.2544295967048446 0.09
0.08216544877543286 0.25514678446419314 0.092
0.08719972290953559 0.2703986958238947 0.094
0.08769826694048832 0.2719054774951687 0.096
0.09421072802738739 0.2915259428169264 0.098
0.0962278356271895 0.2975786545736044 0.1
0.09858640678823993 0.3046408348563373 0.102
0.0998997085368134 0.30856598714584804 0.104
0.10156770814765315 0.31354367540449485 0.106
0.10320950827799913 0.31843477978064444 0.108
0.10342110846565722 0.319064547262048 0.11
0.10542250249649832 0.3250141192373345 0.112
0.10697982794506455 0.3296347345420145 0.114
0.10765130584680338 0.33162459716281206 0.116
0.10991704610895225 0.3383279773029741 0.118
0.11141355708931533 0.3427461593564236 0.12
0.11204136946395682 0.3445974156883466 0.122
0.11888031339509797 0.3646754109025515 0.124
0.12013255802517686 0.3683338488437285 0.126
0.12273471189209739 0.3759177752913307 0.128
0.12504232016830075 0.3826222740550732 0.13
0.12603163936028805 0.3854904988579366 0.132
0.1263560596099147 0.386430246359706 0.134
0.12709440404271155 0.3885675108407654 0.136
0.12822222948694872 0.39182815924957515 0.138
0.1288854424559881 0.39374327786626373 0.14
0.13319210323948827 0.4061374376430613 0.142
0.13393800761224783 0.4082765971339623 0.144
0.13465640127393064 0.4103347422512773 0.146
0.13482624681696054 0.41082103247956836 0.148
0.13677384700092698 0.4163888825733317 0.15
0.13735969511111357 0.41806068321644707 0.152
0.14245421283348036 0.43253835997820184 0.154
0.1430057406662082 0.4340991260091993 0.156
0.14419254791570058 0.43745324518617235 0.158
0.14421910919167824 0.4375282425412042 0.16
0.14443335996674278 0.43813308111884597 0.162
0.14575776153212416 0.4418675082092418 0.164
0.14647969338505684 0.4438999320587832 0.166
0.14693149867022837 0.44517072032824784 0.168
0.14733172659234484 0.4462956891628217 0.17
0.15050792151393289 0.4551982650308588 0.172
0.15146273427989843 0.457865704553328 0.174
0.15305029006604398 0.46229170235220274 0.176
0.15344949261942575 0.4634028487734913 0.178
0.15345129876713715 0.4634078743790408 0.18
0.1552806926128807 0.46849048124833464 0.182
0.15735780994730808 0.4742425889894516 0.184
0.16091503891279668 0.4840465393459778 0.186
0.16218456580076768 0.4875308777587 0.188
0.16326699802505307 0.49049560032092654 0.19
0.16471073289237648 0.49444108622574756 0.192
0.16495871570224374 0.4951177614467699 0.194
0.1665406969898121 0.4994274592385941 0.196
0.16702357407171198 0.5007404826650114 0.198
0.16859470434855273 0.5050046663030391 0.2
0.16956450728254902 0.5076306672492897 0.202
0.16996721728766806 0.5087197305373266 0.204
0.17018717491947233 0.5093142265768517 0.206
0.17325323704743234 0.5175756793742233 0.208
0.1756393202774642 0.5239717860039083 0.21
0.1842973888624807 0.5469308829422534 0.212
0.18695008936016178 0.5538850844020431 0.214
0.18719857666527095 0.5545345466376177 0.216
0.19107932767265046 0.5646334680354951 0.218
0.19219325898037065 0.5675168427257553 0.22
0.19300373250681335 0.5696103653229256 0.222
0.19347916061567116 0.5708367210326027 0.224
0.1975024451446723 0.5811634838411417 0.226
0.2005042857613729 0.5888081288738971 0.228
0.20395493656027386 0.5975310667710755 0.23
0.2100786501464017 0.6128379160666919 0.232
0.212899250075561 0.6198124169736048 0.234
0.21339809267287457 0.6210408616476483 0.236
0.2151878059547533 0.625435629989064 0.238
0.21587429698964955 0.6271161239146538 0.24
0.22178177732557913 0.6414560828350792 0.242
0.22201862449154885 0.6420264421804492 0.244
0.22498912301948226 0.6491495383799089 0.246
0.22832468582469478 0.657080696184398 0.248
0.23035082270641227 0.661863222908515 0.25
0.23131534116141983 0.6641304881180344 0.252
0.23253512138038668 0.6669890638357763 0.254
0.23303933053521542 0.6681678307667731 0.256
0.23486068918384007 0.6724119262330637 0.258
0.23585789623443398 0.6747262910577024 0.26
0.23709599794540348 0.6775905273906776 0.262
0.24009651533586374 0.6844893849896267 0.264
0.24110955902801223 0.6868049084874034 0.266
0.24135734429539402 0.6873702167240127 0.268
0.24218374828508427 0.6892526012011989 0.27
0.2422973096961759 0.6895109091676102 0.272
0.24305108951633947 0.691223240709022 0.274
0.2432158933755446 0.6915971035306812 0.276
0.24504839894854857 0.6957416994635132 0.278
0.2451320484940056 0.695930341748057 0.28
0.24599672927336624 0.6978775110971008 0.282
0.24678761824151707 0.699654004719835 0.284
0.24686019783022972 0.6998168168908357 0.286
0.24691461577455365 0.6999388646093667 0.288
0.24808685857693968 0.702562984892007 0.29
0.24868331345406502 0.7038945254271199 0.292
0.2554599863815846 0.7188484285325035 0.294
0.25768519372848164 0.7236880776275071 0.296
0.25822427969801953 0.7248552392597734 0.298
0.25862648644240915 0.7257246944031066 0.3
0.2598763255968537 0.7284190933291865 0.302
0.26308049573151937 0.7352752859070348 0.304
0.2633516231573009 0.7358520309668106 0.306
0.26493603308549585 0.7392117257490496 0.308
0.26514961408605475 0.7396632204077174 0.31
0.26568039322596115 0.7407838077087463 0.312
0.2657155418861632 0.7408579413744315 0.314
0.2731962267483997 0.7564290142808252 0.316
0.2733336937461921 0.7567112732485356 0.318
0.27399584484402484 0.7580688822906961 0.32
0.2765948523608043 0.7633658997798253 0.322
0.27762374674961054 0.7654488540609551 0.324
0.28115505223709214 0.7725369366009077 0.326
0.2817841043065352 0.7737896360798256 0.328
0.2873814761262048 0.7848027796929815 0.33
0.28754666082103675 0.7851241237180753 0.332
0.2892851235315924 0.788493237243585 0.334
0.2906716127295913 0.7911633947394083 0.336
0.2909641498132979 0.7917248605668983 0.338
0.29200010799522447 0.7937077981425198 0.34
0.29204196268508753 0.7937877362368022 0.342
0.2951816934711219 0.799745107558081 0.344
0.2954627292819223 0.8002745673418474 0.346
0.2999939020142337 0.8087247982835594 0.348
0.3022009979773582 0.812781647566577 0.35
0.3072294585586337 0.8218783391171545 0.352
0.3081836858982375 0.823581513806582 0.354
0.3085801910130216 0.8242870515139586 0.356
0.30860166928797395 0.8243252332960347 0.358
0.3121207210368476 0.8305302690540595 0.36
0.31346652385561613 0.8328765166383361 0.362
0.3147614569154148 0.8351200388605999 0.364
0.3156892150602185 0.8367189286307428 0.366
0.31920011932333825 0.8427051945953328 0.368
0.31938613757837064 0.8430195143903496 0.37
0.32198627851946626 0.8473828833870716 0.372
0.3230628868877141 0.849173050483537 0.374
0.32501165338586013 0.8523887330516174 0.376
0.3261357936217082 0.8542291821618564 0.378
0.32751353759947566 0.8564703147593191 0.38
0.3303373426818065 0.8610135698089773 0.382
0.3306576081120889 0.8615245814057911 0.384
0.33131515711239024 0.8625710272198368 0.386
0.33876945427126115 0.874175858127178 0.388
0.33887932042086377 0.8743433315237584 0.39
0.345864971469081 0.8847773460992573 0.392
0.3470513807867389 0.8865072563225526 0.394
0.34744305675782405 0.8870756611990239 0.396
0.34836183409827626 0.8884037351247324 0.398
0.3491489620240499 0.8895356320788046 0.4
0.35287189266933994 0.8948154930919197 0.402
0.35532478057372463 0.8982273997414737 0.404
0.35846571016792994 0.9025185280914447 0.406
0.3584704339494542 0.9025249156984385 0.408
0.3587648303291363 0.9029226134559474 0.41
0.3597113964710452 0.9041960918793683 0.412
0.3626567580458666 0.9081075356159558 0.414
0.36770478173238397 0.9146304947417238 0.416
0.3678307674284953 0.914790358626983 0.418
0.36842260846459884 0.9155394323787623 0.42
0.3685353542697861 0.9156817725756677 0.422
0.36948539105209754 0.9168766227804934 0.424
0.37146224609754264 0.9193367251800689 0.426
0.37190277090623836 0.9198801144036307 0.428
0.372788406075953 0.9209672219692949 0.43
0.37305357810755035 0.9212913326523652 0.432
0.3757344740220294 0.924532190270691 0.434
0.37603641842392055 0.9248931014156225 0.436
0.376826707094131 0.9258337890898185 0.438
0.38002335704153023 0.9295805609937471 0.44
0.38322466292263035 0.9332389297876951 0.442
0.38416464400437345 0.9342952228513147 0.444
0.3868177183800867 0.9372326489086757 0.446
0.387341313353445 0.9378046832426987 0.448
0.3880936579986617 0.9386221911696404 0.45
0.3924986797441925 0.9433034788524698 0.452
0.3934260106560169 0.9442660030842774 0.454
0.40161806748973117 0.952420291608164 0.456
0.4031468828164325 0.9538724395920828 0.458
0.405736226292565 0.9562817715995593 0.46
0.4092194327021281 0.959423081211756 0.462
0.41086977020911564 0.9608713805282456 0.464
0.41614291129478376 0.9653258482218897 0.466
0.4167880654003907 0.9658526937418976 0.468
0.4176325795162179 0.9665363500955705 0.47
0.4187821293210492 0.9674560176272151 0.472
0.41916952433364874 0.9677631038604663 0.474
0.42071179055126806 0.9689714483286046 0.476
0.4214005401553037 0.9695037357588305 0.478
0.42593993323768864 0.972898379127331 0.48
0.42974374055153064 0.9755907560532417 0.482
0.4299392621436998 0.9757253908524306 0.484
0.4306557752848361 0.9762156330523759 0.486
0.43214002479224234 0.9772154417828558 0.488
0.43265865170388085 0.9775597922244866 0.49
0.43328510114311203 0.9779722760849228 0.492
0.4383821797186458 0.9811876448535864 0.494
0.44149158975228364 0.9830257646514593 0.496
0.441681874368383 0.9831352098864771 0.498
0.4425380163365179 0.9836232909749825 0.5
0.4441999338658349 0.9845504440756425 0.502
0.44435136479391124 0.9846335921773246 0.504
0.44527007725931267 0.9851332683385953 0.506
0.44864607130253664 0.986898983938387 0.508
0.4495449954244969 0.9873504519703562 0.51
0.4531535392174999 0.9890835702118599 0.512
0.4544062640606221 0.9896555484994112 0.514
0.45505821804139623 0.9899471646649929 0.516
0.4574987785328496 0.9910019735271075 0.518
0.4598389838471094 0.9919587517802602 0.52
0.46115859066949416 0.9924746509621336 0.522
0.46116506995422357 0.9924771420017304 0.524
0.4612219077689803 0.992498976380919 0.526
0.46142947162831494 0.9925784439975147 0.528
0.4625890572920067 0.9930146431033229 0.53
0.46451941422026954 0.993711579683764 0.532
0.46588327322894973 0.9941819796766088 0.534
0.46626401076807733 0.994310042335901 0.536
0.46902516036264574 0.9951962316440577 0.538
0.4746696329956106 0.9967749849400189 0.54
0.4782972942029695 0.9976243847661701 0.542
0.48009090405602495 0.9979965350628546 0.544
0.4810718271096809 0.9981866742780171 0.546
0.4837473881568888 0.9986571506629595 0.548
0.4841563380106909 0.9987228519273007 0.55
0.48447844563854625 0.9987734418738485 0.552
0.4887306986017802 0.9993455052618438 0.554
0.4996795993711558 0.9999983757050112 0.556
0.49987014161346466 0.9999992750932013 0.558
0.5015224834113627 0.9999920628023339 0.56
0.5024641653742493 0.9999759102978426 0.562
0.5032717071743961 0.9999550951472796 0.564
0.5071932289630139 0.9997625983630399 0.566
0.5082897654965673 0.9996816512010854 0.568
0.5132078163933347 0.9991728367566254 0.57
0.5154511342877934 0.9988616056479105 0.572
0.5172902974936526 0.9985694725943616 0.574
0.5191331657365211 0.9982433478326235 0.576
0.5192528081464473 0.9982210196088622 0.578
0.5202673216328708 0.9980260244800387 0.58
0.5246401957092077 0.9970696521346352 0.582
0.5249858339390648 0.9969860401768352 0.584
0.525482246911248 0.9968639004605201 0.586
0.5255016440950058 0.9968590787175752 0.588
0.52618936115542 0.9966857366583419 0.59
0.5267860718232787 0.9965315672932773 0.592
0.5274091697939759 0.9963668464238569 0.594
0.5277409309765385 0.9962775866811683 0.596
0.5305789975145432 0.9954698360414483 0.598
0.5325538114298866 0.9948611313066448 0.6
0.536667756026276 0.9934702520301647 0.602
0.5376264701886727 0.9931222943875415 0.604
0.5523307845299066 0.9866599879944895 0.606
0.5566538365142467 0.9843593186391235 0.608
0.5607044765435785 0.9820390195580003 0.61
0.560871806416473 0.981939749641258 0.612
0.5617329236768203 0.9814245978168258 0.614
0.5622156298941583 0.9811326866479767 0.616
0.5647615117059535 0.9795558155242748 0.618
0.5648572390036586 0.9794953020740573 0.62
0.5665542566050193 0.9784078569428176 0.622
0.5669508471167048 0.9781497166186751 0.624
0.5696519794003044 0.976351225413203 0.626
0.5705751628562226 0.9757204322967399 0.628
0.5721717282788833 0.9746101828161676 0.63
0.573674982917086 0.9735424323526073 0.632
0.5779437315976927 0.9703922012004412 0.634
0.577993644311377 0.9703543345459169 0.636
0.5782576269126274 0.9701536658007021 0.638
0.5817995144929405 0.9673968539170115 0.64
0.5823432329670327 0.9669630504268529 0.642
0.5842380634289431 0.9654292499291987 0.644
0.5862633746765126 0.9637520441315001 0.646
0.5868086443117682 0.9632938318122536 0.648
0.5877537625319154 0.962492922009028 0.65
0.5903278192809529 0.9602686599606144 0.652
0.5932051076637589 0.9577081282875778 0.654
0.5939895668225215 0.9569964583831821 0.656
0.5940306333914387 0.9569590423657488 0.658
0.5961435421508859 0.9550125010844518 0.66
0.5989004547847875 0.9524094691057037 0.662
0.5994563728692283 0.9518759270281131 0.664
0.607018018918273 0.9443312947264498 0.666
0.6076103498384761 0.9437177556700024 0.668
0.6077196861413662 0.9436041476511008 0.67
0.6114760043544947 0.9396336163789611 0.672
0.6132793065706029 0.9376810013664353 0.674
0.6149200744380736 0.9358782550808653 0.676
0.6171077559541102 0.9334359700272146 0.678
0.6207874671347599 0.9292287214615712 0.68
0.6242635231083576 0.9251403715322795 0.682
0.6284219831892921 0.9201046646966009 0.684
0.6326778385533747 0.9147885937745812 0.686
0.6329382974919309 0.9144579349213781 0.688
0.6342484825278952 0.9127853512859084 0.69
0.6426214117834913 0.9017328558049225 0.692
0.6481245742487229 0.894128598785899 0.694
0.6499821901829747 0.8915013643434263 0.696
0.650021869512125 0.8914449145086987 0.698
0.6550445440710043 0.8841879596888459 0.7
0.6560914767250215 0.8826475521029433 0.702
0.6598697655944274 0.8770091481854073 0.704
0.6604843281951344 0.87608033302017 0.706
0.6632325121559645 0.8718870195443524 0.708
0.6640469883287683 0.8706317656768694 0.71
0.6663144873955508 0.8671071743938825 0.712
0.6684795220440994 0.8637008288194195 0.714
0.67561146529136 0.8521983697278182 0.716
0.675782201393432 0.8519177437177841 0.718
0.6772041443565732 0.8495711001036971 0.72
0.6797778272841428 0.8452806940063501 0.722
0.6804408178499206 0.8441665156837129 0.724
0.6812798162545729 0.8427513065106362 0.726
0.6919960849983213 0.8241642559648784 0.728
0.6972825113827796 0.8146500732102996 0.73
0.7006687466227343 0.8084376294799035 0.732
0.7021273088803757 0.8057335227931045 0.734
0.7058134044675729 0.7988244766869552 0.736
0.70761329371519 0.7954119056145531 0.738
0.7108726424778967 0.7891676301020019 0.74
0.7126258184850746 0.7857746570908599 0.742
0.7147487568342472 0.7816342061583678 0.744
0.7149402586297531 0.7812590019980092 0.746
0.715700026502151 0.7797676275735554 0.748
0.71781469965712 0.7755933233891221 0.75
0.7194667964788063 0.7723083282945638 0.752
0.721332086658623 0.768574448929197 0.754
0.728186480554913 0.7546280729538526 0.756
0.7308398782934887 0.7491350967404562 0.758
0.7349424404689218 0.7405398863008018 0.76
0.7365715187962941 0.7370926636296589 0.762
0.7371894986285462 0.7357799322487449 0.764
0.738865144269301 0.7322065489016638 0.766
0.7401231458998697 0.7295104817513374 0.768
0.7409006289657459 0.727838536603862 0.77
0.7411050957640903 0.7273981184070325 0.772
0.7412082623896802 0.7271757853341609 0.774
0.7429504685784596 0.7234096724887333 0.776
0.743091779989885 0.7231032500464509 0.778
0.7460585871319839 0.7166371889371934 0.78
0.7478816528954741 0.7126329897596952 0.782
0.7485766486042695 0.7111003392280257 0.784
0.7521172991695454 0.703239844538153 0.786
0.7556608880595381 0.6952857976571896 0.788
0.7557844598428933 0.6950068657079629 0.79
0.7582641425495897 0.6893875504055026 0.792
0.7601083964987395 0.6851810871607475 0.794
0.7627095627115822 0.6792091965285196 0.796
0.763809292613536 0.6766707294018817 0.798
0.7677490011875543 0.6675108264330296 0.8
0.7691526825577124 0.664222484133254 0.802
0.7728462045025196 0.6555083528390369 0.804
0.7750915127763806 0.6501678283405287 0.806
0.7757432083496758 0.6486116902873971 0.808
0.7774818703851144 0.6444467901919539 0.81
0.7791805071298212 0.640359218727921 0.812
0.7807416713921453 0.6365863906009414 0.814
0.7860926750343125 0.6235392344197601 0.816
0.7880797650448377 0.6186491663022999 0.818
0.7882504947669299 0.6182278879636938 0.82
0.7936482021276707 0.6048179921241195 0.822
0.7962868836252995 0.5981990679239935 0.824
0.7990988710380493 0.5911002308027568 0.826
0.8009785012707821 0.5863293897904551 0.828
0.8013655930175447 0.5853443393585752 0.83
0.8021055924801543 0.5834588226745449 0.832
0.8030978752936148 0.5809255463238816 0.834
0.8037479473799154 0.5792628673696432 0.836
0.8045170755400356 0.5772925640758951 0.838
0.804773735639765 0.5766343188161851 0.84
0.805568746413831 0.5745930135940897 0.842
0.8114121291862975 0.5594802327549366 0.844
0.8136814700823767 0.5535599619839585 0.846
0.8230738164418113 0.5287616175615548 0.848
0.8234501990975877 0.5277581364333945 0.85
0.8241167084413883 0.5259793353129956 0.852
0.8291127002764339 0.5125730591261016 0.854
0.8291762939209651 0.5124015914787222 0.856
0.8302622074351336 0.5094704935933771 0.858
0.8303349615085446 0.5092739036895634 0.86
0.8304331491526341 0.5090085472049294 0.862
0.8313391057392471 0.5065578796664184 0.864
0.8322657873187707 0.5040469089498191 0.866
0.8396087517181131 0.4840009936236563 0.868
0.8441693801593652 0.47142050246268064 0.87
0.8461577910427848 0.4659050563894295 0.872
0.8474433990296482 0.4623293611181613 0.874
0.8475981663061964 0.4618983935887935 0.876
0.8479720935574564 0.4608566995905287 0.878
0.8531823094889692 0.4462765208753529 0.88
0.8540008248642195 0.44397504525361764 0.882
0.8601892566218577 0.4264807811307868 0.884
0.8609282203793623 0.42438088962318044 0.886
0.861931418453144 0.4215264769593736 0.888
0.865177594552463 0.4122615694544346 0.89
0.8658680086569438 0.4102855030071333 0.892
0.8660515200000686 0.4097599418614532 0.894
0.8661262345730233 0.4095459265875493 0.896
0.8664046372473881 0.40874826095400735 0.898
0.8679670896395664 0.4042658209235542 0.9
0.8753171160618602 0.38305094671720996 0.902
0.8791276328181479 0.3719713745849351 0.904
0.8804805724224976 0.3680246346883325 0.906
0.8822702476040523 0.3627936754677258 0.908
0.8867246852399344 0.3497246163388551 0.91
0.8868550191658415 0.3493411815381116 0.912
0.8892936815665808 0.34215605977466496 0.914
0.8909612525594898 0.3372312577726781 0.916
0.8952357052384549 0.3245657043270691 0.918
0.8978024277974455 0.3169320532828463 0.92
0.8996110645249927 0.3115406205842909 0.922
0.902232166418584 0.30370949424825877 0.924
0.9051844558058212 0.2948642626094005 0.926
0.9137534945535581 0.2690501507883401 0.928
0.9206914379732125 0.24800612766011715 0.93
0.9222513528977659 0.24325806392834448 0.932
0.9300857029392623 0.21932595113583778 0.934
0.9316873586835599 0.21441645183741284 0.936
0.9453878546914362 0.1722120105855172 0.938
0.9541023492281284 0.1451962059062798 0.94
0.9576876498892449 0.13404869690109827 0.942
0.9584095189799043 0.1318021427864618 0.944
0.9596127510573726 0.12805602267931804 0.946
0.9596576308860615 0.12791625897146897 0.948
0.9621614500703497 0.12011498025579519 0.95
0.962345067911569 0.11954257460380988 0.952
0.9663351224110378 0.1070945895874022 0.954
0.9684072201592709 0.10062340078132946 0.956
0.9708491251326742 0.0929918521672402 0.958
0.971337570525534 0.09146467066258852 0.96
0.974822018585498 0.08056410845672138 0.962
0.9750677785804795 0.0797949065821608 0.964
0.9764522107401801 0.075460910931449 0.966
0.9805634846288479 0.06258238845732862 0.968
0.9824443883528818 0.0566868705661198 0.97
0.9827678210869653 0.05567289576602431 0.972
0.9830433564546018 0.05480903582526128 0.974
0.9845730601541489 0.050012372401593556 0.976
0.9855129530958929 0.04706458825728777 0.978
0.9856050004196414 0.04677587798644778 0.98
0.9863235945231531 0.04452184515757409 0.982
0.9879047888912753 0.03956128966277543 0.984
0.9895047832017044 0.03454076242150566 0.986
0.9934980675336159 0.022006944799156027 0.988
0.9943826884993613 0.019229826350403594 0.99
0.9954675396523358 0.015823918631658808 0.992
0.9954704872931861 0.015814664197567257 0.994
0.9984725093093431 0.0063889308932945 0.996
0.9991315573371382 0.00431955011833563 0.998
0.9991596336597497 0.004231391271131629 1.0
